State= 2
Number_Of_Support_Vectors= 107
Document_Numbers_in_Support_Vectors_Set
4 5 7 8 9 10 13 15 18 19 20 22 27 28 30 39 43 44 50 51 55 56 59 60 62 66 69 70 72 75 77 78 83 84 89 91 92 94 95 97 99 100 101 105 106 107 109 110 112 113 117 125 127 132 133 135 139 150 152 153 158 166 167 168 169 171 172 174 179 182 184 185 186 189 191 197 198 203 207 218 225 226 227 229 230 231 234 236 245 248 267 268 269 271 274 277 279 280 288 290 293 296 302 303 306 311 312 
Labels_of_Support_Vectors
1 1 -1 1 -1 1 -1 1 -1 1 -1 1 1 1 -1 1 1 1 1 1 1 1 -1 1 1 -1 1 1 -1 1 -1 -1 1 1 1 -1 1 1 -1 1 -1 1 -1 1 -1 1 -1 -1 -1 -1 -1 1 1 -1 1 -1 -1 1 1 1 -1 -1 1 1 1 1 -1 1 1 1 -1 1 1 1 -1 1 -1 1 -1 -1 1 -1 -1 1 1 -1 -1 -1 1 1 -1 -1 -1 -1 1 -1 -1 -1 -1 1 -1 -1 -1 1 1 -1 -1 
Coefficients_For_Support_Vectors
0.2533052563667297 0 -0.9052409529685974 0.9118751287460327 0 0.4795210361480713 -0.5596179962158203 0.1590567231178284 -0.343498557806015 0 -0.4461453557014465 0.3119283318519592 0 0.4965337514877319 -0.447048157453537 0.8408334851264954 0.7870587110519409 0.08872523903846741 0 0.2021721601486206 0.2126107215881348 0 -0.6665135025978088 0 0.3674018383026123 -0.34317347407341 0.4120357930660248 0.09586171805858612 -0.1483197212219238 0.558261513710022 0 -0.5445139408111572 0 0.8014608025550842 0.4063301682472229 -0.7592306137084961 0 0 0 0.449307382106781 0 0.8520256280899048 -0.3612211346626282 0.3774690330028534 -0.591880738735199 0.6095744371414185 -0.7710338830947876 -0.5685749053955078 -0.7711745500564575 0 -0.1202235519886017 0 0 -0.8177697062492371 0.3025809526443481 -0.8822478652000427 -0.3372556865215302 0.5383682250976562 0.2886876463890076 0 -0.7163867950439453 -0.2961323261260986 0 0.6143050193786621 0.5209025740623474 0.6961445808410645 -0.337741881608963 0.3033749759197235 0.99534010887146 0.1253403127193451 -0.7777546644210815 0 0.8918769955635071 0.6385579705238342 -0.7742354273796082 0.1321671009063721 -0.1278741508722305 0.6975557804107666 -0.2237304002046585 0 0.4212630391120911 -0.5877658128738403 -0.6945649981498718 0.1953509747982025 0 0 -0.849463939666748 0 0 0.3494004607200623 -0.4777817726135254 -0.6375051736831665 0 0 0.7891824245452881 0 0 0 -0.2065011262893677 0 0 0 -0.9781911373138428 0 0.3539599180221558 -0.3313664495944977 -0.126027375459671 
b= -0.1006453782320023
A= -3.912861824035645
B= -0.08738938719034195
