State= 2
Number_Of_Support_Vectors= 137
Document_Numbers_in_Support_Vectors_Set
1 2 4 5 8 10 15 16 19 21 22 27 28 32 33 37 39 41 43 44 49 50 51 53 54 55 56 58 60 62 64 67 69 70 71 73 75 79 81 82 83 84 86 88 89 92 94 96 97 100 102 103 105 107 108 116 119 120 122 124 125 127 128 133 138 144 145 148 150 152 153 155 167 168 169 171 173 174 175 176 178 179 180 182 185 186 189 193 195 197 199 203 209 210 211 212 217 219 220 221 222 225 228 229 230 232 235 238 239 240 243 244 245 246 248 251 252 255 258 261 262 263 264 265 266 270 273 274 284 285 286 290 291 303 304 306 309 
Labels_of_Support_Vectors
-1 -1 1 1 1 1 1 -1 1 -1 1 1 1 -1 -1 -1 1 -1 1 1 -1 1 1 -1 -1 1 1 -1 1 1 -1 -1 1 1 -1 -1 1 -1 -1 -1 1 1 -1 -1 1 1 1 -1 1 1 -1 -1 1 1 -1 -1 -1 -1 -1 -1 1 1 -1 1 -1 -1 -1 -1 1 1 1 -1 1 1 1 1 -1 1 -1 -1 -1 1 -1 1 1 1 1 -1 -1 1 -1 1 -1 -1 -1 -1 -1 -1 -1 -1 -1 1 -1 1 1 -1 -1 -1 -1 -1 -1 -1 1 -1 1 -1 -1 -1 -1 -1 -1 -1 -1 -1 -1 -1 -1 1 -1 -1 -1 1 -1 1 -1 1 -1 
Coefficients_For_Support_Vectors
-0.6085410714149475 -0.4840825796127319 1 0 0.8431711792945862 1 0.86152184009552 -0.6589276790618896 0.5593177676200867 -1 0.8876343965530396 0.2034436911344528 1 -0.466534435749054 -0.3701564967632294 -0.7298344373703003 1 -1 1 1 -0.8036761283874512 0 1 0 -0.03175298869609833 0.652617871761322 0 -0.6287881135940552 0.8446086645126343 0.6987844705581665 -0.3088306486606598 -0.4189721941947937 0.9058527946472168 0.2769768834114075 -1 -0.2233529537916183 0.7800998091697693 -1 0 -0.752017617225647 0 1 -0.2537557184696198 -0.3663799464702606 0.7626863718032837 0.264103889465332 0.2412847727537155 -0.6036621332168579 0.3254176378250122 1 -0.6017104983329773 -0.5020459294319153 1 1 -1 -0.383960098028183 0 -1 0 0 0.1133784651756287 0.2112072855234146 -0.4379275441169739 1 -0.8653448820114136 -0.1843858063220978 -0.7456182241439819 -1 1 1 0 -1 0.8553637266159058 1 0.8923987150192261 1 -0.8937597274780273 0.9566602110862732 -1 -0.4474182724952698 -0.7771247029304504 1 -0.4822285771369934 0.8193396329879761 1 1 1 -0.646154522895813 -1 0.7947021126747131 0 0.9815990328788757 -0.461102306842804 -0.8699229955673218 0 -0.790698230266571 -0.2627795338630676 -0.3847087621688843 -1 -0.179452657699585 -1 1 -0.8758003115653992 0.5982847213745117 1 -0.3326328992843628 -0.4327756464481354 -0.8692355751991272 0 -0.90678870677948 -0.2880477607250214 0 0.7228653430938721 -0.3094033002853394 0.8910862803459167 -0.859341561794281 -0.605897843837738 -0.3744965195655823 0 0 -0.3321058750152588 -1 -1 -1 -0.3020619451999664 -0.440754234790802 0 1 -0.2499578148126602 -0.5407314300537109 -0.2542935609817505 1 -0.4030840396881104 0.2769513428211212 -1 0.7816586494445801 0 
b= 0.1052453443408012
A= -3.644549131393433
B= 0.07350409775972366
