State= 2
Number_Of_Support_Vectors= 93
Document_Numbers_in_Support_Vectors_Set
0 3 14 17 24 26 29 31 34 35 38 45 47 52 57 65 68 74 76 85 87 90 93 98 104 111 114 115 118 123 126 130 131 134 136 137 140 141 142 146 147 149 151 154 157 159 160 161 162 164 170 177 181 183 187 188 192 194 196 200 201 202 204 208 213 214 215 216 223 233 241 247 249 250 253 256 257 259 260 276 278 281 287 289 292 294 297 298 299 310 313 314 315 
Labels_of_Support_Vectors
1 -1 -1 -1 -1 -1 1 -1 -1 -1 1 -1 1 1 -1 -1 1 1 1 -1 -1 1 -1 -1 1 -1 -1 1 -1 -1 -1 -1 1 -1 -1 1 -1 -1 1 -1 -1 -1 1 1 -1 -1 -1 1 -1 1 -1 -1 -1 -1 -1 -1 -1 1 -1 1 -1 1 -1 1 1 -1 -1 -1 1 -1 -1 -1 -1 -1 -1 1 -1 1 1 -1 -1 -1 -1 -1 -1 -1 -1 1 -1 -1 -1 -1 1 
Coefficients_For_Support_Vectors
0.5516409873962402 -0.1959361732006073 -0.5265845060348511 -0.005802556872367859 -0.5894695520401001 -0.2123608589172363 0.6802546977996826 -0.3401708900928497 0 -0.524442732334137 0.5663609504699707 0 0.7753519415855408 0.7040852308273315 0 0 0 0.7462584972381592 0.8006364703178406 -0.4790395200252533 0 0.5857057571411133 -0.712928831577301 -0.4816839396953583 0.9834165573120117 0 -0.1801604628562927 0.4931036531925201 -0.322331964969635 -0.3930502533912659 0 -0.148597240447998 0.7098119258880615 0 -0.6616734862327576 0.8815622925758362 0 -0.359240710735321 0.8514571785926819 -0.4459992051124573 -0.573302686214447 -0.2966831624507904 0.8600648045539856 0.1150610446929932 -0.2908642888069153 0 0 0.7535248398780823 -0.5577175617218018 1 -0.3744073212146759 -0.5250473618507385 0 -0.3829679489135742 -0.5694461464881897 0 0 0.5973880887031555 -0.5985997319221497 0.4656868875026703 -0.7590710520744324 0.9225386381149292 -0.2479040920734406 0.5669546127319336 0.8624639511108398 -0.6485221982002258 -0.3660666346549988 -0.4007727205753326 0.9476695656776428 -0.2421757578849792 -0.5554910898208618 -0.5744922757148743 -0.4269589185714722 0 -0.5458346605300903 0.8768081068992615 -0.4331455826759338 1 0.9407630562782288 -0.2821846604347229 -0.2848106622695923 -0.7324628829956055 -0.3825016021728516 -0.3790900707244873 0 -0.8246155977249146 -0.5031675696372986 0.6654067635536194 -0.7157949805259705 0 0 -0.461504191160202 0.6110998392105103 
b= 0.133872851729393
A= -3.712308406829834
B= 0.2678182721138
