State= 2
Number_Of_Support_Vectors= 144
Document_Numbers_in_Support_Vectors_Set
1 2 3 14 16 17 21 24 26 31 32 33 34 35 37 41 45 49 53 54 57 58 64 65 67 71 73 79 81 82 85 86 87 88 93 96 98 102 103 108 111 114 116 118 119 120 122 123 124 126 128 130 134 136 138 140 141 144 145 146 147 148 149 155 157 159 160 162 170 173 175 176 177 178 180 181 183 187 188 192 193 195 196 199 201 204 209 210 211 212 214 215 216 217 219 220 221 222 228 232 233 235 238 239 240 241 243 244 246 247 249 250 251 252 253 255 257 258 261 262 263 264 265 266 270 273 276 278 281 284 285 286 287 289 291 292 294 297 299 304 309 310 313 314 
Labels_of_Support_Vectors
1 1 -1 -1 1 -1 1 -1 -1 -1 1 1 -1 -1 1 1 -1 1 1 1 -1 1 1 -1 1 1 1 1 1 1 -1 1 -1 1 -1 1 -1 1 1 1 -1 -1 1 -1 1 1 1 -1 1 -1 1 -1 -1 -1 1 -1 -1 1 1 -1 -1 1 -1 1 -1 -1 -1 -1 -1 1 1 1 -1 1 1 -1 -1 -1 -1 -1 1 1 -1 1 -1 -1 1 1 1 1 -1 -1 -1 1 1 1 1 1 1 1 -1 1 1 1 1 -1 1 1 1 -1 -1 -1 1 1 -1 1 -1 1 1 1 1 1 1 1 1 1 -1 -1 -1 1 1 1 -1 -1 1 -1 -1 -1 -1 1 1 -1 -1 -1 
Coefficients_For_Support_Vectors
0 0.5310972929000854 -0.3975690007209778 -0.8680128455162048 1 -0.3907616138458252 0.2002984285354614 -0.5826277732849121 -0.5349015593528748 -1 0.6665381193161011 0.417736142873764 0 0 0.5863741636276245 0 0 0.2586471438407898 0.8227337002754211 0.4640568494796753 -0.8682644367218018 1 0.7697949409484863 -0.2052743434906006 0 0 0 0.8363971710205078 0 0.6180093288421631 -0.7677462100982666 0.3860524296760559 -0.6607042551040649 0.1870354413986206 -1 0.6464838981628418 -0.7395290732383728 0.9289990067481995 0.8612328767776489 1 -0.681495189666748 -0.3254520297050476 0.5497192144393921 -0.5141519904136658 0.0863875150680542 0 0 -0.746186375617981 0.266774445772171 0 1 -0.5302233695983887 -0.2313477993011475 -1 0.608241081237793 0 -0.7216988205909729 0.5597134828567505 0.6893357634544373 -1 -1 0 -0.8370533585548401 0.8949056267738342 -0.4757480621337891 0 0 -1 -0.6625344157218933 1 0.8684988617897034 0.5505696535110474 -0.9672289490699768 0.3909071087837219 0.5537501573562622 0 -0.4849544167518616 -0.5977799296379089 0 0 0.7739458680152893 0.2335274517536163 -0.6368263363838196 0.01807838678359985 -1 -0.9175845980644226 1 0.8899626731872559 0 0.8893886208534241 -0.9004873633384705 -1 -0.6814045906066895 0 0.19876928627491 0.4885639846324921 0.6862963438034058 0 0.4771662354469299 0 -0.04786960780620575 0.7073332667350769 0.9291467666625977 0 1 -0.4894146919250488 0.4675653576850891 0 0.3876742124557495 -1 -0.6513217687606812 0 0.8623424768447876 0.3751873373985291 -0.8845973610877991 0.09000290930271149 -0.8702980875968933 0 0 0.7096424102783203 0.2571114897727966 0 0 0.9633495807647705 0.8364090919494629 0 -0.4002756178379059 -1 -0.7597214579582214 0 0.5349062085151672 0.4434075951576233 -0.4269230961799622 -0.2688007056713104 1 -0.4913585484027863 -0.953439474105835 -0.8666476011276245 -0.7522315979003906 0.3236309885978699 0.1694751530885696 -0.122725248336792 0 -1 
b= 0.006904067005962133
A= -4.430637836456299
B= -0.7236515283584595
