State= 2
Number_Of_Support_Vectors= 79
Document_Numbers_in_Support_Vectors_Set
0 7 9 13 18 20 29 30 38 47 52 59 66 68 72 74 76 77 78 90 91 95 99 101 104 106 109 110 112 113 115 117 131 132 135 137 139 142 151 154 158 161 164 166 172 184 191 194 198 200 202 207 208 213 218 223 226 227 231 234 236 256 259 260 267 268 269 271 277 279 280 288 293 296 298 302 311 312 315 
Labels_of_Support_Vectors
1 -1 -1 -1 -1 -1 1 -1 1 1 1 -1 -1 1 -1 1 1 -1 -1 1 -1 -1 -1 -1 1 -1 -1 -1 -1 -1 1 -1 1 -1 -1 1 -1 1 1 1 -1 1 1 -1 -1 -1 -1 1 -1 1 1 -1 1 1 -1 1 -1 -1 -1 -1 -1 1 1 1 -1 -1 -1 -1 -1 -1 -1 -1 -1 -1 1 -1 -1 -1 1 
Coefficients_For_Support_Vectors
0.8740324974060059 -1 0 -0.6818382740020752 -0.5973807573318481 -0.4648669064044952 0.6872149109840393 -0.7465029954910278 1 0.7775282263755798 1 -0.6513881683349609 -0.4231956601142883 0 -0.4846771359443665 0.7595909833908081 1 -0.1194370985031128 -1 0.7318530678749084 -1 0 -0.6497029662132263 -0.08662378787994385 1 -0.5369209051132202 -1 -0.6524907350540161 -0.6742672920227051 -0.1186572909355164 0.857496440410614 0 0.8774929642677307 -0.7843061685562134 -0.8185272216796875 0.8207286596298218 -0.2911261022090912 0.9603701829910278 0.8418434858322144 1 -0.3878515362739563 0.484442263841629 1 -0.444842517375946 -1 -0.7661934494972229 -0.6576181650161743 0.6546549201011658 -0.2620709538459778 0.8864156007766724 1 0 0.9637892246246338 0.7200010418891907 -0.401238739490509 0.7877713441848755 -0.4443331658840179 -0.6121505498886108 0 -1 -0.05596846342086792 1 0.8375604748725891 0.8553351759910583 -0.8479686975479126 -0.6797624826431274 0 -0.7208895683288574 -0.2778643667697906 0 0 -0.6064991354942322 0 -0.2372058629989624 0.8149495720863342 -0.9756524562835693 -0.4929128885269165 -0.3630428314208984 0.8229044079780579 
b= -0.06447526067495346
A= -3.672991752624512
B= -0.1408357173204422
