State= 2
Number_Of_Support_Vectors= 121
Document_Numbers_in_Support_Vectors_Set
3 4 5 8 10 14 15 17 19 22 24 26 27 28 31 34 35 39 43 44 45 50 51 55 56 57 60 62 65 69 70 75 83 84 85 87 89 92 93 94 97 98 100 105 107 111 114 118 123 125 126 127 130 133 134 136 140 141 146 147 149 150 152 153 157 159 160 162 167 168 169 170 171 174 177 179 181 182 183 185 186 187 188 189 192 196 197 201 203 204 214 215 216 225 229 230 233 241 245 247 248 249 250 253 257 274 276 278 281 287 289 290 292 294 297 299 303 306 310 313 314 
Labels_of_Support_Vectors
1 -1 -1 -1 -1 1 -1 1 -1 -1 1 1 -1 -1 1 1 1 -1 -1 -1 1 -1 -1 -1 -1 1 -1 -1 1 -1 -1 -1 -1 -1 1 1 -1 -1 1 -1 -1 1 -1 -1 -1 1 1 1 1 -1 1 -1 1 -1 1 1 1 1 1 1 1 -1 -1 -1 1 1 1 1 -1 -1 -1 1 -1 -1 1 -1 1 -1 1 -1 -1 1 1 -1 1 1 -1 1 -1 1 1 1 1 -1 -1 -1 1 1 -1 1 -1 1 1 1 1 -1 1 1 1 1 1 -1 1 1 1 1 -1 -1 1 1 1 
Coefficients_For_Support_Vectors
0.2243712544441223 -0.09781274199485779 0 -1 -0.6530163884162903 0.8847850561141968 -0.2735045552253723 0.586568295955658 0 -0.081046462059021 0.5263373255729675 0.3090546727180481 0 -1 0.9211902022361755 0 0.6574081182479858 -1 -0.8932623863220215 -0.5197734832763672 0 0 -0.5003005266189575 -1 -0.07633256912231445 0 -0.07661402225494385 -0.7919849157333374 0 -0.3559570908546448 -0.7083942890167236 -1 0 -1 0.5869504809379578 0.3813015222549438 -0.5499703884124756 0 0.6937019228935242 0 -0.4430853426456451 0.5499509572982788 -1 -0.7008638978004456 -0.8498771786689758 0.2045306861400604 0.1461547017097473 0.3135243654251099 0.5770687460899353 0 0 0 0.07126428186893463 -0.3077149987220764 0 1 0 0.8345329761505127 0.3712950944900513 0.7786582112312317 0.5622991323471069 -1 -0.5304728746414185 0 0.4115035533905029 0 0 0.7909643054008484 0 -0.9043874144554138 -1 0.654863715171814 -1 -0.3418870270252228 0.6604462862014771 -1 0 -0.7984136939048767 0.4546023011207581 0 -1 0.5893627405166626 0 -1 0.179568886756897 0.5042396783828735 -0.2777641117572784 1 -0.8909640312194824 0.2804849445819855 1 0.4935197234153748 0.3819524645805359 -0.9252966046333313 -0.2718547582626343 0 0.3214301466941833 0.5821733474731445 -0.1395494937896729 0.8379380702972412 -0.6328398585319519 0.3178681135177612 0 0.7822068333625793 0.5885157585144043 -1 0.2344712018966675 1 0.6484676599502563 0.3918424248695374 0.7043613195419312 -0.1891950517892838 0 0.7632253170013428 0.9212089776992798 0.8087603449821472 0 -0.4237652719020844 0 0 0.7209752798080444 
b= -0.07570728659629822
A= -4.107409954071045
B= -0.106556311249733
