State= 2
Number_Of_Support_Vectors= 86
Document_Numbers_in_Support_Vectors_Set
0 4 5 8 10 15 19 22 27 28 29 38 39 43 44 47 50 51 52 55 56 60 62 68 69 70 74 75 76 83 84 89 90 92 94 97 100 104 105 107 115 125 127 131 133 137 142 150 151 152 153 154 161 164 167 168 169 171 174 179 182 185 186 189 194 197 200 202 203 208 213 223 225 229 230 245 248 256 259 260 274 290 298 303 306 315 
Labels_of_Support_Vectors
1 -1 -1 -1 -1 -1 -1 -1 -1 -1 1 1 -1 -1 -1 1 -1 -1 1 -1 -1 -1 -1 1 -1 -1 1 -1 1 -1 -1 -1 1 -1 -1 -1 -1 1 -1 -1 1 -1 -1 1 -1 1 1 -1 1 -1 -1 1 1 1 -1 -1 -1 -1 -1 -1 -1 -1 -1 -1 1 -1 1 1 -1 1 1 1 -1 -1 -1 -1 -1 1 1 1 -1 -1 1 -1 -1 1 
Coefficients_For_Support_Vectors
0.573789119720459 -0.09562420845031738 0 -0.8879945278167725 -0.4850747585296631 0 0 0 0 -0.4893455803394318 0.6347015500068665 0.5425987243652344 -0.8375885486602783 -0.7645926475524902 0 0.7864885330200195 0 -0.2669856548309326 0.7135491967201233 -0.2469200789928436 -0.109490692615509 0 -0.3109468817710876 0 -0.3848345577716827 -0.320393443107605 0.6747559309005737 -0.6257275938987732 0.7019493579864502 0 -0.895672082901001 -0.5625883340835571 0.5480475425720215 -0.08591601252555847 0 -0.4372506737709045 -1 1 -0.4498341381549835 -0.6466071009635925 0.4800637364387512 0 0 0.667509138584137 -0.3190330862998962 0.8243875503540039 0.8638437986373901 -0.5487456917762756 0.87558913230896 -0.3238143920898438 0 0.1296070218086243 0.8377099633216858 1 -0.2205223143100739 -0.7478192448616028 -0.383159726858139 -0.844727635383606 -0.4052827656269073 -1 0 0 -0.9357610940933228 -0.7248978018760681 0.5275107622146606 -0.1189018934965134 0.4826985597610474 0.8161827921867371 -0.8190826177597046 0.5581237077713013 0.7089696526527405 0.8703477382659912 -0.5028389692306519 -0.2769594192504883 0 -0.07246071100234985 -0.3275653719902039 0.8851896524429321 0.8180719614028931 1 -0.8757826685905457 0 0.5589179992675781 0 -0.3291276693344116 0.5992674827575684 
b= 0.07489456236362457
A= -3.614723920822144
B= 0.2567101716995239
