State= 2
Number_Of_Support_Vectors= 100
Document_Numbers_in_Support_Vectors_Set
3 6 11 12 14 17 23 24 25 26 31 34 35 36 40 42 45 46 48 57 61 63 65 80 85 87 93 98 111 114 118 121 123 126 129 130 134 136 140 141 143 146 147 149 156 157 159 160 162 163 165 170 177 181 183 187 188 190 192 196 201 204 205 206 214 215 216 224 233 237 241 242 247 249 250 253 254 257 272 275 276 278 281 282 283 287 289 292 294 295 297 299 300 301 305 307 308 310 313 314 
Labels_of_Support_Vectors
1 -1 -1 -1 1 1 -1 1 -1 1 1 1 1 -1 -1 -1 1 -1 -1 1 -1 -1 1 -1 1 1 1 1 1 1 1 -1 1 1 -1 1 1 1 1 1 -1 1 1 1 -1 1 1 1 1 -1 -1 1 1 1 1 1 1 -1 1 1 1 1 -1 -1 1 1 1 -1 1 -1 1 -1 1 1 1 1 -1 1 -1 -1 1 1 1 -1 -1 1 1 1 1 -1 1 1 -1 -1 -1 -1 -1 1 1 1 
Coefficients_For_Support_Vectors
0.1740699112415314 -1 -0.8836706876754761 -0.6364349722862244 0.5788764357566833 0.1018582880496979 0 0.5038723945617676 0 0.3234798908233643 0.4098822176456451 0 0 -0.260831356048584 -0.7122941017150879 -0.1391022503376007 0 -0.3732677102088928 -0.8079485893249512 0.4977806806564331 -0.2081020474433899 -0.6589565277099609 0 -0.1054580211639404 0.3474168181419373 0 0.570273756980896 0.4037688672542572 0 0 0.1569604575634003 -0.3199905455112457 0.09122827649116516 0 -0.3065706789493561 0.1239323019981384 0 0.6761696934700012 0 0.2605249881744385 -0.223679855465889 0.5807374715805054 0.359258770942688 0.1657391786575317 -1 0.2721944451332092 0 0 0.5668044686317444 -0.7081807851791382 -0.6742593050003052 0.272361159324646 0.4823557138442993 0 0.3177736699581146 0.479235053062439 0 -0.3708034753799438 0 0.6304571032524109 0.6643934845924377 0.1829228401184082 -0.4185866117477417 0 0.5100274682044983 0.2517587542533875 0.4059821665287018 -0.3550815880298615 0.2934088110923767 -0.0565287172794342 0.4637474417686462 -0.7612598538398743 0.4853703379631042 0.2070090770721436 0 0.5127159357070923 -0.8897740244865417 0.4066895246505737 -0.7127243876457214 -0.1551373600959778 0.407453328371048 0.2970138788223267 0.5742436647415161 -0.654015064239502 -0.5603160262107849 0.3168936371803284 0.1478494107723236 0 0.8041118383407593 0 0.5365059971809387 0.6944571137428284 -1 -0.6504172086715698 -0.7779489159584045 -0.8745630383491516 -0.9055565595626831 0.06304235756397247 0.2245383560657501 0.3643128275871277 
b= -0.1905109435319901
A= -3.867532968521118
B= -0.2709599435329437
