State= 2
Number_Of_Support_Vectors= 93
Document_Numbers_in_Support_Vectors_Set
4 5 6 8 10 11 12 15 19 22 23 25 27 28 36 39 40 42 43 44 46 48 50 51 55 56 60 61 62 63 69 70 75 80 83 84 89 92 94 97 100 105 107 121 125 127 129 133 143 150 152 153 156 163 165 167 168 169 171 174 179 182 185 186 189 190 197 203 205 206 224 225 229 230 237 242 245 248 254 272 274 275 282 283 290 295 300 301 303 305 306 307 308 
Labels_of_Support_Vectors
1 1 -1 1 1 -1 -1 1 1 1 -1 -1 1 1 -1 1 -1 -1 1 1 -1 -1 1 1 1 1 1 -1 1 -1 1 1 1 -1 1 1 1 1 1 1 1 1 1 -1 1 1 -1 1 -1 1 1 1 -1 -1 -1 1 1 1 1 1 1 1 1 1 1 -1 1 1 -1 -1 -1 1 1 1 -1 -1 1 1 -1 -1 1 -1 -1 -1 1 -1 -1 -1 1 -1 1 -1 -1 
Coefficients_For_Support_Vectors
0.1113123297691345 0 -1 0.928750216960907 0.4500628709793091 -0.8744379281997681 -0.6465644836425781 0.1481674909591675 0 0.1961284279823303 0 0 0 0.588495135307312 -0.1134243011474609 0.8174245953559875 -0.6447786092758179 -0.1164711117744446 0.6204749941825867 0 -0.4390326142311096 -0.7260816097259521 0 0.2664713263511658 0.2677333354949951 0 0.2137719094753265 -0.2633216977119446 0.2791174054145813 -0.6404785513877869 0.4264235496520996 0.1969940662384033 0.6009264588356018 -0.1972359418869019 0 0.8414471745491028 0.5727422833442688 0 0 0.3925381600856781 0.7973176240921021 0.3306413888931274 0.5416164398193359 -0.2334988117218018 0 0 -0.3695502281188965 0.2296839952468872 -0.2682060599327087 0.5797511339187622 0.2557382583618164 0 -0.9000139832496643 -0.6078474521636963 -0.622636079788208 0 0.5871492028236389 0.4351362586021423 0.6970888376235962 0.3393570184707642 1 0.2542019188404083 0 0.8397209048271179 0.5585017800331116 -0.4468063414096832 0 0.5909172296524048 -0.5166886448860168 0 -0.482795774936676 0.4420622587203979 0.1320258378982544 0 0 -0.7155135869979858 0 0.2189759016036987 -0.8609272837638855 -0.660913348197937 0.7577211856842041 -0.1326965987682343 -0.5652096271514893 -0.4907540678977966 0 0 -1 -0.7242632508277893 0 -0.7321915626525879 0.2031669020652771 -0.8345877528190613 -0.8828284740447998 
b= -0.1361810714006424
A= -3.763208389282227
B= -0.2546692490577698
