State= 2
Number_Of_Support_Vectors= 116
Document_Numbers_in_Support_Vectors_Set
1 2 6 11 12 16 21 23 25 32 33 36 37 40 41 42 46 48 49 53 54 58 61 63 64 67 71 73 79 80 81 82 86 88 96 102 103 108 116 119 120 121 122 124 128 129 138 143 144 145 148 155 156 163 165 173 175 176 178 180 190 193 195 199 205 206 209 210 211 212 217 219 220 221 222 224 228 232 235 237 238 239 240 242 243 244 246 251 252 254 255 258 261 262 263 264 265 266 270 272 273 275 282 283 284 285 286 291 295 300 301 304 305 307 308 309 
Labels_of_Support_Vectors
-1 -1 1 1 1 -1 -1 1 1 -1 -1 1 -1 1 -1 1 1 1 -1 -1 -1 -1 1 1 -1 -1 -1 -1 -1 1 -1 -1 -1 -1 -1 -1 -1 -1 -1 -1 -1 1 -1 -1 -1 1 -1 1 -1 -1 -1 -1 1 1 1 -1 -1 -1 -1 -1 1 -1 -1 -1 1 1 -1 -1 -1 -1 -1 -1 -1 -1 -1 1 -1 -1 -1 1 -1 -1 -1 1 -1 -1 -1 -1 -1 1 -1 -1 -1 -1 -1 -1 -1 -1 -1 1 -1 1 1 1 -1 -1 -1 -1 1 1 1 -1 1 1 1 -1 
Coefficients_For_Support_Vectors
-0.2547509074211121 -0.4186690747737885 1 0.8777890801429749 0.6630001068115234 -0.6579198837280273 -0.1142042577266693 0 0 -0.3815900385379791 -0.1840905845165253 0.140134334564209 -0.4786505699157715 0.7033258676528931 0 0.539081335067749 0 1 -0.01748088002204895 -0.1629340648651123 -0.239047572016716 -0.1975163519382477 0.3008497953414917 0.619006335735321 -0.3192276954650879 0 0 0 -0.5287364721298218 0.1258776932954788 0 -0.4439360201358795 -0.2769494354724884 -0.2231985032558441 -0.225060909986496 -0.5870775580406189 -0.4367015063762665 -0.4917443692684174 -0.2627062499523163 0 0 0.4086750447750092 0 -0.1071381568908691 -0.5775704383850098 0.30685093998909 -0.392509788274765 0.2507114708423615 -0.4508664011955261 -0.2137797176837921 0 -0.6463183164596558 0.8880178928375244 0.740180492401123 0.580281674861908 -0.3620293438434601 0 -0.5877067446708679 -0.2181746363639832 -0.3250551521778107 0.3745696246623993 -0.5431458353996277 -0.1516729295253754 0 0.5253373384475708 0 -0.1873410046100616 -0.6424634456634521 0 -0.6316388845443726 -0.1359932124614716 -0.1570250988006592 0 0 0 0.4555455148220062 0 0 0 0 -0.6473369002342224 0 -0.356228232383728 0.8313804864883423 -0.2940021157264709 0 -0.2746237516403198 -0.5248563885688782 -0.4165366291999817 0.9462769627571106 0 -0.05520927906036377 0 -0.5127440690994263 0 -0.1248635053634644 0 -0.4281551837921143 -0.4345013499259949 0.7683384418487549 -0.001042276620864868 0.2546610832214355 0.5592480897903442 0.4738506674766541 0 -0.3198756575584412 -0.4931033849716187 -0.1590893268585205 0 1 0.7057616710662842 -0.1752187609672546 0.7101583480834961 0.8246948719024658 0.9552342891693115 -0.07883064448833466 
b= 0.221986398100853
A= -4.000923633575439
B= 0.3415778875350952
