State= 2
Number_Of_Support_Vectors= 114
Document_Numbers_in_Support_Vectors_Set
3 7 9 13 14 17 18 20 24 26 30 31 34 35 45 57 59 65 66 72 77 78 85 87 91 93 95 98 99 101 106 109 110 111 112 113 114 117 118 123 126 130 132 134 135 136 139 140 141 146 147 149 157 158 159 160 162 166 170 172 177 181 183 184 187 188 191 192 196 198 201 204 207 214 215 216 218 226 227 231 233 234 236 241 247 249 250 253 257 267 268 269 271 276 277 278 279 280 281 287 288 289 292 293 294 296 297 299 302 310 311 312 313 314 
Labels_of_Support_Vectors
-1 1 1 1 -1 -1 1 1 -1 -1 1 -1 -1 -1 -1 -1 1 -1 1 1 1 1 -1 -1 1 -1 1 -1 1 1 1 1 1 -1 1 1 -1 1 -1 -1 -1 -1 1 -1 1 -1 1 -1 -1 -1 -1 -1 -1 1 -1 -1 -1 1 -1 1 -1 -1 -1 1 -1 -1 1 -1 -1 1 -1 -1 1 -1 -1 -1 1 1 1 1 -1 1 1 -1 -1 -1 -1 -1 -1 1 1 1 1 -1 1 -1 1 1 -1 -1 1 -1 -1 1 -1 1 -1 -1 1 -1 1 1 -1 -1 
Coefficients_For_Support_Vectors
-0.09429159760475159 0.9052877426147461 0 0.4406285285949707 -0.5564677715301514 0 0.4993612468242645 0.4525671601295471 -0.5210389494895935 -0.3512254953384399 0.4673415720462799 -0.4387079179286957 0 -0.5250808000564575 0 0 0.6494733691215515 0 0.4179070889949799 0.2688086926937103 0 0.4230192303657532 -0.5126351714134216 0 0.8332646489143372 -0.6169840097427368 0 -0.497602641582489 0.5501129627227783 0.1813611090183258 0.6456289291381836 0.7637758255004883 0.5842040777206421 0 0.8247580528259277 0 -0.200957715511322 0.05621519684791565 -0.2982714176177979 -0.2355304956436157 0 0 0.7919595837593079 -0.0466008186340332 0.8924099206924438 -0.7608218789100647 0.3245366811752319 0 -0.3374533355236053 -0.6349482536315918 -0.677922785282135 0 -0.1636746823787689 0.01500602066516876 0 0 -0.477297842502594 0.5232478380203247 -0.1845250129699707 0.4702715873718262 -0.5323917865753174 0 -0.3163956999778748 0.9042121767997742 -0.5816773176193237 0 0.8397873640060425 0 -0.5919045209884644 0.2735760807991028 -0.7780392169952393 0 0.4083374738693237 -0.5964595675468445 -0.3582948446273804 -0.4200352430343628 0 0.640478253364563 0.8563023805618286 0 -0.3769616484642029 1 0 -0.5107635259628296 -0.4689241051673889 -0.2743427753448486 0 -0.6523944735527039 -0.351399302482605 0.561291515827179 0.4075511991977692 0 0 -0.5312343835830688 0.1076142638921738 -0.2932094931602478 0 0 -0.6944571137428284 -0.3614237904548645 0.2412858605384827 -0.3210122883319855 0 0 -0.8145201206207275 0.2449409365653992 -0.5242897272109985 -0.671247661113739 1 -0.1431334614753723 0.2868196368217468 0.2417803555727005 -0.1701511144638062 -0.5284229516983032 
b= 0.1688690781593323
A= -3.954977035522461
B= 0.1166585013270378
