State= 2
Number_Of_Support_Vectors= 130
Document_Numbers_in_Support_Vectors_Set
1 2 7 9 13 16 18 20 21 30 32 33 37 41 49 53 54 58 59 64 66 67 71 72 73 77 78 79 81 82 86 88 91 95 96 99 101 102 103 106 108 109 110 112 113 116 117 119 120 122 124 128 132 135 138 139 144 145 148 155 158 166 172 173 175 176 178 180 184 191 193 195 198 199 207 209 210 211 212 217 218 219 220 221 222 226 227 228 231 232 234 235 236 238 239 240 243 244 246 251 252 255 258 261 262 263 264 265 266 267 268 269 270 271 273 277 279 280 284 285 286 288 291 293 296 302 304 309 311 312 
Labels_of_Support_Vectors
-1 -1 1 1 1 -1 1 1 -1 1 -1 -1 -1 -1 -1 -1 -1 -1 1 -1 1 -1 -1 1 -1 1 1 -1 -1 -1 -1 -1 1 1 -1 1 1 -1 -1 1 -1 1 1 1 1 -1 1 -1 -1 -1 -1 -1 1 1 -1 1 -1 -1 -1 -1 1 1 1 -1 -1 -1 -1 -1 1 1 -1 -1 1 -1 1 -1 -1 -1 -1 -1 1 -1 -1 -1 -1 1 1 -1 1 -1 1 -1 1 -1 -1 -1 -1 -1 -1 -1 -1 -1 -1 -1 -1 -1 -1 -1 -1 1 1 1 -1 1 -1 1 1 1 -1 -1 -1 1 -1 1 1 1 -1 -1 1 1 
Coefficients_For_Support_Vectors
-0.186058521270752 -0.5118682980537415 1 0 0.203960120677948 -0.6636006832122803 0.3548061549663544 0.4996899366378784 -0.1715988516807556 0.5895217657089233 -0.3689560294151306 -0.4394267797470093 -0.3873900771141052 0 -0.1217498481273651 0 -0.2636189162731171 -0.09435456991195679 0.7478127479553223 -0.3175173401832581 0.3942350149154663 0 -0.02716913819313049 0.227025032043457 0 0.01160651445388794 0.5450243353843689 -0.6060175895690918 -0.1774625778198242 -0.5588567852973938 -0.2744326889514923 -0.2684921026229858 0.7912122011184692 0 -0.3180082440376282 0.4670259356498718 0.3241128027439117 -0.7000178694725037 -0.5443868041038513 0.6278854608535767 -0.4780277609825134 0.8552632927894592 0.6355112791061401 0.7820615768432617 0 -0.4055539965629578 0 0 -0.2540441751480103 0 -0.1514626443386078 -0.5986848473548889 0.8337486982345581 0.8726652264595032 -0.3864439427852631 0.3789024651050568 -0.394424170255661 -0.2609318494796753 -0.126971960067749 -0.7249947190284729 0 0.4312222599983215 0.4115522503852844 -0.4362196326255798 0 -0.5649896860122681 -0.2110971212387085 -0.4496698379516602 1 0.7542443871498108 -0.5951462388038635 -0.04389731585979462 0.3159040212631226 0 0.6913623213768005 -0.2725928425788879 -0.7823867797851562 0 -0.6441499590873718 -0.1339659988880157 0 -0.2330467700958252 0 -0.2246346324682236 0 0.7284188270568848 0.7908711433410645 0 0 0 1 0 0 -0.7216721177101135 0 -0.4264797866344452 0 0 -0.1033108830451965 -0.5276927947998047 -0.4153416156768799 0 0 0 -0.4262847304344177 0 -0.1226277947425842 0 -0.4301614165306091 0.6421152353286743 0.5833226442337036 0 -0.5728865265846252 0 0 0.007057517766952515 0 0 0 -0.4596039056777954 -0.2722957730293274 0.4322786927223206 -0.3405219912528992 0 0 1 -0.297863245010376 -0.06482928991317749 0.3220831751823425 0.3033894300460815 
b= 0.1903694719076157
A= -4.040887355804443
B= 0.2174661606550217
