State= 2
Number_Of_Support_Vectors= 65
Document_Numbers_in_Support_Vectors_Set
0 6 11 12 23 25 29 36 38 40 42 46 47 48 52 61 63 68 74 76 80 90 104 115 121 129 131 137 142 143 151 154 156 161 163 164 165 190 194 200 202 205 206 208 213 223 224 237 242 254 256 259 260 272 275 282 283 295 298 300 301 305 307 308 315 
Labels_of_Support_Vectors
1 -1 -1 -1 -1 -1 1 -1 1 -1 -1 -1 1 -1 1 -1 -1 1 1 1 -1 1 1 1 -1 -1 1 1 1 -1 1 1 -1 1 -1 1 -1 -1 1 1 1 -1 -1 1 1 1 -1 -1 -1 -1 1 1 1 -1 -1 -1 -1 -1 1 -1 -1 -1 -1 -1 1 
Coefficients_For_Support_Vectors
0.5343241691589355 -1 -0.7936712503433228 -0.745574951171875 0 0 0.5752015709877014 -0.4425034523010254 0.6715567111968994 -0.8051881790161133 -0.4537714719772339 0 0.6460055708885193 -0.846376359462738 0.9100789427757263 -0.1707552969455719 -0.5123751163482666 0 0.6736412048339844 0.6724205017089844 -0.6129821538925171 0.5909776091575623 0.8540662527084351 0.5321287512779236 -0.7859215140342712 -0.5720391869544983 0.7853996753692627 0.6533031463623047 0.8042300939559937 -0.5670057535171509 0.7598739266395569 1 -0.8481376171112061 0.506614625453949 -0.7042832970619202 1 -0.6791497468948364 -0.5209757685661316 0.5825673341751099 0.5383258461952209 0.8715763092041016 -0.5191482901573181 -0.2538070678710938 1 0.6857509613037109 1 -0.6765285134315491 0 -0.8708783388137817 -0.8853834867477417 0.6926008462905884 0.797066867351532 0.7661807537078857 -0.4150513410568237 -0.07047230005264282 -0.5787888169288635 -0.5793752670288086 -0.2455305457115173 0.7087985277175903 -1 -0.8476365804672241 -0.8952333331108093 -0.9141451716423035 -1 1 
b= -0.1303815692663193
A= -3.555137157440186
B= 0.2610177993774414
