State= 2
Number_Of_Support_Vectors= 86
Document_Numbers_in_Support_Vectors_Set
6 7 9 11 12 13 18 20 23 25 30 36 40 42 46 48 59 61 63 66 72 77 78 80 91 95 99 101 106 109 110 112 113 117 121 129 132 135 139 143 156 158 163 165 166 172 184 190 191 198 205 206 207 218 224 226 227 231 234 236 237 242 254 267 268 269 271 272 275 277 279 280 282 283 288 293 295 296 300 301 302 305 307 308 311 312 
Labels_of_Support_Vectors
-1 1 1 -1 -1 1 1 1 -1 -1 1 -1 -1 -1 -1 -1 1 -1 -1 1 1 1 1 -1 1 1 1 1 1 1 1 1 1 1 -1 -1 1 1 1 -1 -1 1 -1 -1 1 1 1 -1 1 1 -1 -1 1 1 -1 1 1 1 1 1 -1 -1 -1 1 1 1 1 -1 -1 1 1 1 -1 -1 1 1 -1 1 -1 -1 1 -1 -1 -1 1 1 
Coefficients_For_Support_Vectors
-1 0.8719882369041443 0 -0.7466100454330444 -0.6883857250213623 0.4405339956283569 0.4864130318164825 0.5116078853607178 0 0 0.5442053079605103 -0.3103619515895844 -1 -0.4848748445510864 0 -0.8860480785369873 0.7314349412918091 -0.3536533117294312 -0.5395764708518982 0.3018858432769775 0.2699978053569794 0.09508897364139557 1 -0.2111360430717468 0.8033115863800049 0 0.4647749066352844 0.5438506603240967 0.4232524037361145 0.8333966732025146 0.6478473544120789 0.6301115751266479 0 0 -0.6342448592185974 -0.3587303161621094 0.6431150436401367 0.6755861043930054 0.3077155947685242 -0.4393817782402039 -0.8748102784156799 0 -1 -0.7154408693313599 0.2057937681674957 0.5310648679733276 0.8735820651054382 0 0.6395439505577087 0.2018188834190369 -0.6503936052322388 -0.1545969247817993 0.2634351849555969 0 -0.5199922323226929 1 0.5419483184814453 0 0.8262619376182556 0 -0.5029491782188416 -0.7412083148956299 -0.8148119449615479 0.6689749360084534 0.640343964099884 0 0.01158797740936279 -0.4603925943374634 -0.1349981129169464 0.3922299146652222 0 0 -0.6003893613815308 -0.4993443787097931 0.4582419395446777 0 -0.4757404923439026 0.1399043202400208 -1 -0.7645962238311768 0.9072198867797852 -0.7840542793273926 -0.9939043521881104 -0.9861061573028564 0.383459597826004 0.4152031540870667 
b= -0.04475256055593491
A= -3.744288682937622
B= -0.1349395513534546
