State= 2
Number_Of_Support_Vectors= 109
Document_Numbers_in_Support_Vectors_Set
0 1 2 16 21 29 32 33 37 38 41 47 49 52 53 54 58 64 67 68 71 73 74 76 79 81 82 86 88 90 96 102 103 104 108 115 116 119 120 122 124 128 131 137 138 142 144 145 148 151 154 155 161 164 173 175 176 178 180 193 194 195 199 200 202 208 209 210 211 212 213 217 219 220 221 222 223 228 232 235 238 239 240 243 244 246 251 252 255 256 258 259 260 261 262 263 264 265 266 270 273 284 285 286 291 298 304 309 315 
Labels_of_Support_Vectors
1 -1 -1 -1 -1 1 -1 -1 -1 1 -1 1 -1 1 -1 -1 -1 -1 -1 1 -1 -1 1 1 -1 -1 -1 -1 -1 1 -1 -1 -1 1 -1 1 -1 -1 -1 -1 -1 -1 1 1 -1 1 -1 -1 -1 1 1 -1 1 1 -1 -1 -1 -1 -1 -1 1 -1 -1 1 1 1 -1 -1 -1 -1 1 -1 -1 -1 -1 -1 1 -1 -1 -1 -1 -1 -1 -1 -1 -1 -1 -1 -1 1 -1 1 1 -1 -1 -1 -1 -1 -1 -1 -1 -1 -1 -1 -1 1 -1 -1 1 
Coefficients_For_Support_Vectors
0.5992346405982971 -0.1937577128410339 -0.4408115446567535 -0.6839541792869568 -0.1115682125091553 0.7009879946708679 -0.5248579382896423 -0.3043516278266907 -0.3828585743904114 0.5130409002304077 0 0.841389536857605 -0.1621373891830444 0.7249704599380493 0 -0.2464779168367386 -0.1051207631826401 -0.4208205342292786 0 0 0 0 0.7578685283660889 0.7858835458755493 -0.5986607670783997 -0.08766372501850128 -0.5392048954963684 -0.248856395483017 -0.2172312140464783 0.6187810897827148 -0.3124341368675232 -0.6834701299667358 -0.5333349108695984 1 -0.3528880476951599 0.5539834499359131 -0.5047206282615662 0 -0.2727579772472382 -0.01473413407802582 -0.1515222787857056 -0.6066004633903503 0.6841424703598022 0.8015108108520508 -0.4509435296058655 0.9061434864997864 -0.3947988152503967 -0.1117750406265259 0 1 0.08769848942756653 -0.759757399559021 0.7958282828330994 1 -0.4887412190437317 0 -0.6505073308944702 -0.2600477933883667 -0.4571518301963806 -0.7026572227478027 0.7658906579017639 -0.2763764560222626 0 0.4249452948570251 0.8762729167938232 0.6649033427238464 -0.2409607619047165 -0.7478395104408264 -0.09308481216430664 -0.6277368068695068 0.7576347589492798 -0.2633556723594666 -0.2972216010093689 0 -0.1963054835796356 0 0.9582427740097046 -0.1289411783218384 0 0 -0.7402911186218262 -0.006595470011234283 -0.4515496790409088 0 0 -0.2806161046028137 -0.4475201666355133 -0.367702305316925 0 1 0 1 0.904701828956604 0 -0.503740668296814 0 -0.1573593020439148 0 -0.4433940649032593 -0.6538407802581787 0 0 -0.3910850286483765 -0.491926521062851 -0.1608740538358688 0.7373409271240234 -0.1537840366363525 0 0.637881875038147 
b= 0.116926446557045
A= -3.829518795013428
B= 0.5118856430053711
